image: turtlebot3_house.pgm
resolution: 0.050000
origin: [-9.847060, -7.440799, 0.000000]
negate: 0
occupied_thresh: 0.65
free_thresh: 0.196

